gen_mae_best: 0.05537948733565064
gen_mae_last: 0.05537948733565064
disc_loss_best: 0.6853186553901165
disc_loss_last: 1.0921722150799609
gen_loss_best: 6.446129985771298
gen_loss_last: 6.5735250591773084
