gen_mae_best: 0.022266599736018442
gen_mae_last: 0.02251779337469964
disc_loss_best: 1.3097351393569554
disc_loss_last: 1.342661278987523
gen_loss_best: 2.9503433524248863
gen_loss_last: 2.9925914635062845
